11111111111111111111111111111111111111111111111101111001111000111111111101110111111111111111011101110111101111111111111111111111111101100111
11000000000000000000000000000000000000000000000000000000000000000000000000000000000000000000000000000000000000000000000000000000000000000001
10000000000000000000000000000000000000000000000000000000000000000000000000000000000000000000000000000000000000000000000000000000000000000000
00000000000000000000000000000000000000000000000000000000000000000000000000000000000000000000000000000000000000000000000000000000000000000000
00000000000000000000000000000000000000000000000000000000000000000000000000000000000000000000000000000000000000000000000000000000000000000000
00000000000000000000000000000000000000000000000000000000000000000000000000000000000000000000000000000000000000000000000000000000000000000000
00000000000000000000000000000000000000000000000000000000000000000000000000000000000000000000000000000000000000000000000000000000000000000000
00000000000000000000000000000000000000000000000000000000000000000000000000000000000000000000000000000000000000000000000001000000000000000000
00000000000000000000000000000000000000000000000000000000000000000000000000000000000000000000000000000000000000000000000000000000000000000000
00000000000000000000000000000000000000000000000000000000000000000000000000000000000000000000000000000000000000000000000000000000000000000000
00000000000000000000000000000000000000000000000000000000000000000000000000000000000000001110000000000000000000000000000000000000000000000000
00000000000000000000000000000000000000000000000000000000000000000000000000000000000000111111100000000000000000000000000000000000000000000000
00000000000000000000000000000000000000000000000000000000000000000000000000000000000000111111100000000000000000000000000000000000000000000000
00000000000000000000000000000000000000000000000000000000000000000000000000000000000000111111100000000000000000000000000000000000000000000000
00000000000000000000000000000011111111111111111111111111111111111111111111111111100000111111100000000000000000000000000000000000000000000000
00000000000000000000000000000011111111111111111111111111111111111111111111111111100000111111100000000000000000000000000000000000000000000000
00000000000000000000000000000011111111111111111111111111111111111111111111111111100000111111100000000000000000000000000000000000000000000000
00000000000000000000000000000011111111111111111111111111111111111111111111111111100000111111100000000000000000000000000000000000000000000000
00000000000000000000000000000011111111111111111111111111111111111111111111111111100000111111100000000000000000000000000000000000000000000000
00000000000000000000000000000011111111100001000000000000000000000000000000111111100000111111100000000111100000000000000000000000000000000000
00000000000000000000000000000011111110000000000000000000000000000000000000011111100000111111100000011111100000000000000000000000000000000000
00000000000000000000000000000011111100000000000000000000000000000000000000011111100000111111111111111111100000000000000000000000000000000000
00000000000000000000000000000011111100000000000000000000000000000000000000011111100000111111111111111111100000000000000000000000000000000000
00000000000000000000000000000011111100000000000000000111000000000000000000001111100000111111111111111111100000000000000000000000000000000000
00000000000000000000000000000111111100000001111000000111000000011110000000001111100000111111111111111111100000000000000000000000000000000000
00000000000000000000000000001111111100000001111100001111000001111110000000001111100000111111111111111111100000000000000000000000000000000000
00000000000000000000000001111111111100000000111100001111100011111100000000001111100000111111111111111111100000000000000000000000000000000000
00000000000000000000000111111111111100000000011000001111111111110000000000001111100000111111111111111111100000000000000000000000000000000000
00000000000000000000011111111111111100000000000000001111111111100000000000001111100000111111110000111111100000000000000000000000000000000000
00000000000000000000011111111111111100000000000000001111111111000000000000001111110000111111100000111111100000001111110000000000000000000000
00000000000000000000011111111111111100000000000000011111111111000000000000001111110000111111100000111111100000001111111000000000000000000000
00000000000000000000011111111111111100000011111001111111111111111111100000001111110000111111100000111111100000001111111000000000000000000000
00000000000000000000011111111111111100000111111111111111111111111111110000001111110000111111100000111111100000001111111000000000000000000000
00000000000000000000001100000111111100001111111111111111111111111111110000001111110000111111100000111111100000001111111000000000000000000000
00000000000000000000000000000011111100000111111111111111111111111111110000001111110000111111100000111111100000001111111000000000000000000000
00000000000000000000000000000011111100000111111111111111111111111111110000001111110000111111100000111111100000001111111000000000000000000000
00000000000000000000000000000011111100000000000000011111100000000000000000001111110000111111100000111111100000001111110000000000000000000000
00000000000000000000000000000011111100000000000000001111100000000000000000001111110000111111100000111111100000011111110000000000000000000000
00000000000000000000000000000011111100000000000000001111100000000000000000001111110000111111100000111111100000011111110000000000000000000000
00000000000000000000000000000011111100000000010000001111100000011000000000001111110000111111100000111111100000111111100000000000000000000000
00000000000000000000000000000011111100000001111000001111100000111110000000001111110000111111100000111111100001111111100000000000000000000000
00000000000000000000000000000011111100000011111100001111100000111111000000001111110000111111100000111111100011111111000000000000000000000000
00000000000000000000000000000011111100000011111000000111100000011111000000001111110000111111100000111111111111111111000000000000000000000000
00000000000000000000000000000011111100000000000000000000000000000110000000001111110000111111100000111111111111111110000000000000000000000000
00000000000000000000000000000011111100000000000000000000000000000000000000001111110000111111100000111111111111111100000000000000000000000000
00000000000000000000000000000011111100000000000000000000000000000000000000001111110000111111100000111111111111111000000000000000000000000000
00000000000000000000000000000011111110000000000000000000000000000000000000011111110000111111100000111111111111110000000000000000000000000000
00000000000000000000000000000011111111111111111111111111111111111111111111111111110000111111100000111111111111100000000000000000000000000000
00000000000000000000000000000011111111111111111111111111111111111111111111111111110000111111100000111111111111000000000000000000000000000000
00000000000000000000000000000011111111111111111111111111111111111111111111111111110000111111100000011111110000000000000000000000000000000000
00000000000000000000000000000011111111111111111111111111111111111111111111111111110000111111100000000000000000000000000000000000000000000000
00000000000000000000000000000011111111111111111111111111111111111111111111111111110000111111100000000000000000000000000000000000000000000000
00000000000000000000000000000001111111111111111111111111111111111111111111111111000000111111100000000000000000000000000000000000000000000000
00000000000000000000000000000000000000000000000000000000000000000000000000000000000000111111100000000000000000000000000000000000000000000000
00000000000000000000000000000000000000000000000000000000000000000000000000000000000000011111100000000000000000000000000000000000000000000000
00000000000000000000000000000000000000000000000000000000000000000000000000000000000000001111100000000000000000000000000000000000000000000000
00000000000000000000000000000000000000000000000000000000000000000000000000000000000000000000000000000000000000000000000000000000000000000000
00000000000000000000000000000000000000000000000000000000000000000000000000000000000000000000000000000000000000000000000000000000000000000000
00000000000000000000000000000000000000000000000000000000000000000000000000000000000000000000000000000000000000000000000000000000000000000000
00000000000000000000000000000000000000000000000000000000000000000000000000000000000000000000000000000000000000000000000000000000000000000000
00000000000000000000000000000000000000000000000000000000000000000000000000000000000000000000000000000000000000000000000000000000000000000000
00000000000000000000000000000000000000000000000000000000000000000000000000000000000000000000000000000000000000000000000000000000000000000000
00000000000000000000000000000000000000000000000000000000000000000000000000000000000000000000000000000000000000000000000000000000000000000000
00000000000000000000000000000000000000000000000000000000000000000000000000000000000000000000000000000000000000000000000000000000000000000000
00000000000000000000000000000000000000000000000000000000000000000000000000000000000000000000000000000000000000000000000000000000000000000000
00000000000000000000000000000000000000000000000000000000000000000000000000000000000000000000000000000000000000000000000000000000000000000000
00000000000000000000000000000000000000000000000000000000000000000000000000000000000000000000000000000000000000000000000000000000000000000000
00000000000000000000000000000000000000000000000000000000000000000000000000000000000000000000000000000000000000000000000000000000000000000000
00000000000000000000000000000000000000000000000000000000000000000000000000000000000000000000000000000000000000000001000000000000000000000000
00000000000000000000001111111111111111111111111111111111111111111111111111111111111111111111111111111111111111111111111000000000000000000000
00000000000000000000001111111111111111111111111111111111111111111111111111111111111111111111111111111111111111111111111000000000000000000000
00000000000000000000011111111111111111111111111111111111111111111111111111111111111111111111111111111111111111111111111000000100000000000000
00000000000000000000011111111111111111111111111111111111111111111111111111111111111111111111111111111111111111111111111000000010000000000000
00000000000000000000011111111111111111111111111111111111111111111111111111111111111111111111111111111111111111111111111000001010000000000000
00000000000000000000011111111111111111111111111111111111111111111111111111111111111111111111111111111111111111111111111000000000000000000000
00000000000000000000011111111111111111111111111111111111111111111111111111111111111111111111111111111111111111111111111000000000000000000000
00000000000000000000011111111111111111111111111111111111111111111111111111111111111111111111111111111111111111111111111000000000000000000000
00000000000000000000011111111111111111111111111111111111111111111111111111111111111111111111111111111111111111111111111000000000000000000000
00000000000000000000011111111111111111111111111111111111111111111111111111111111111111111111111111111111111111111111111000000000000000000000
00000000000000000000001111111111100000000000000000000000000000111111111111000000000000000000000000000000000011111111111000000000000000000000
00000000000000000000001111111111100000000000000000000000000000011111111110000000000000000000000000000000000001111111111000000000000000000000
00000000000000000000001111111111100000000000000000000000000000011111111110000000000000000000000000000000000001111111111000010000000000000000
00000000000000000000001111111111100000000000000000000000000000011111111110000000000000000000000000000000000001111111111000000000000000000000
00000000000000000000001111111111100000000000000000000000000000011111111110000000000000000000000000000000000001111111111000000000000000000000
00000000000000000000001111111111100000000000000000000000000000011111111110000000000000000000000000000000000001111111111000000000000000000000
00000000000000000000001111111111100000000000000000000000000000011111111110000000000000000000000000000000000001111111111000000000000000000000
00000000000000000000001111111111100000000000000000000000000000011111111110000000000000000000000000000000000001111111111000000000000000000000
00000000000000000000001111111111100000000000000000000000000000011111111110000000000000000000000000000000000001111111111000000111100000000000
00000000000000000000001111111111100000000000000000000000000000011111111110000000000000000000000000000000000001111111111000000011100000000000
00000000000000000000001111111111100000000000000000000000000000011111111110000000000000000000000000000000000001111111111000000001000000000000
00000000000000000000001111111111100000000000000000000000000000011111111110000000000000000000000000000000000001111111111000000000000000000000
00000000000000000000001111111111100000000000000000000000000000011111111110000000000000000000000000000000000001111111111000000000000000100000
00000000000000000000001111111111100000000000000000000000000000011111111110000000000000000000000000000000000001111111111000000001011110000000
00000000000000000000001111111111100000000000000000000000000000011111111110000000000000000000000000000000000001111111111000000001111000000000
00000000000000000000001111111111100000000000000000000000000000011111111110000000000000000000000000000000000001111111111000000000010000000000
00000000000000000000001111111111100000000000000000000000000000011111111110000000000000000000000000000000000001111111111000000000000000000100
00000000000000000000001111111111100000000000000000000000000000011111111110000000000000000000000000000000000001111111111000000000000000011110
00000000000000000000001111111111100000000000000000000000000000011111111110000000000000000000000000000000000001111111111000000000000000011110
00000000000000000000001111111111100000000000000000000000000000011111111110000000000000000001000000000000000001111111111000000000000000111110
00000000000000000000001111111111100000000000000000000000000000011111111110000000000000000000000000000000000001111111111000000000000000111110
00000000000000000000001111111111100000000000000000000000000000011111111110000000000000000000000000000000000001111111111000000000000000111110
00001000000000000000001111111111100000000000000000000000000000011111111110000000000000000000000000000000000001111111111000000010000000111110
00000000000000000000001111111111100000000000000000000000000000011111111110000000000000000000000000000000000001111111111000000000000000111110
00000000000000000000001111111111100000000000000000000000000000011111111110000000000000000000000000000000000001111111111000000110000000111110
00000000000000000000001111111111100000000000000000000000000000011111111110000000000000000000000000000000000001111111111000000000000000111110
00000000000000000000001111111111100000000000000000000000000000011111111110000000000000000000000000000000000001111111111000000100000000111110
10000000000000000000001111111111100000000000000000000000000000011111111110000000000000000000000000000000000001111111111000000010000000111110
10000000000000000000001111111111100000000000000000000000000000011111111110000000000000000000000000000000000001111111111000000010000000111110
10000000000000000000001111111111100000000000000000000000000000000000000000000000000000000000000000000000000001111111111000000000000000111110
10000000000000000001001111111111100000000000000000000000000000000000000000000000000000000000000000000000000001111111111000000000000000111110
00000000000000000001101111111111100000000000000000000000000000000000000000000000000000000000000000000000000001111111111000000000000000111110
00000000000000000000101111111111100000000000000000000000000000000000000000000000000000000000000000000000000001111111111000000110010000111110
00000000000000000000001111111111100000000000000000000000000000000000000000000000000000000000000000000000000001111111111000000111010000111110
10000000000000000000000111111111000000000000000000000000000000000000000000000000000000000000000000000000000001111111111000001111110000111100
00000000000000000000000000000000000000000000000000000000000000000000000000000000000000000000000000000000000000011000000000001111100000111100
00000000000000000000000000000000000000000000000000000000000000000000000000000000001000000000000000000000000000000000000000011111111000111000
00000000000000000000000000000000000000000000000000000000000000000000000000000000000000000000000000000000000000000000000001111111111110000000
00000000000000000000000000000000000000000000000000000000000000000000000000000000000000000000000000000000000000000000000001111111111000000000
00000000000000000000000000000000000000000000000000000000000000000000000000000000000000000000000000000000000000000000000000011111111100000000
00000000000000000000000000000000000000000000000000000000000000000000000000000000000000000000000000000000000000000000000000011111000000000000
00000000000000000000000000000000000000000000000000000000000000000000000000000000000000000000000000000000000000000000000000000110100000000000
00000000000000000000000000000000000000000000000000000000000000000000000000000000000000000000000000000000000000000000000000000100000000000000
00000000000000000000000000000000000000000000000000000000000000000000000000000000000000000000000000000000000000000000000000000010000000000000
00000000000000000000000000000000000000000000000000000000000000000000000000000000000000000000000000000000000000000000000000000000000000000000
00000000000000000000000000000000000000000000000000000000000000000000000000000000000000000000000000000000000000000000000000000000000000000000
00000000000000000000000000000000000000000000000000000000000000000000000000000000000000000000000000000000000000000000000000000000000000000000
00000000000000000000000000000000000000000000000000000000000000000000000000000000000000000000000000000000000000000000000000000000000000000000
00000000000000000000000000000000000000000000000000000000000000000000000000000000000000000000000000000000000000000000000000000000000000000000
00000000000000000000000000000000000000000000000000000000000000000000011110000000000000000000000000000000000000000000000000000000000000000000
00000000000000000000000000000000000000000000000000000000000000000001111111100000000000000000000000000000000000000000000000000000000000000000
00000000000000000000000000000000000000000000000000000000000000000001111111110000000000000000000000000000000000000000000000000000000000000000
00000000000000000000000000000000000000000000000000000000000000000011111111110000000000000000000000000000000000000000000000000000000000000000
00000000000000000000000000000000000000000000000000000000000000000011111111110000000000000000000000000000000000000000000000000000000000000000
00000000000000000000000000000000000000000000000000000000000000000011111111110000000000000000000000000000000000000000000000000000000000000000
00000000000000000000000000000000000000000000000000000000000000000001111111110000000000000000000000000000000000000000000000000000000000000000
00000000000000000000000000000000000000000000000000000000000000000001111111100000000000000000000000000000000000000000000000000000000000000000
00000000000000000000000000000000000000000000000000000000000000000000111111000000000000000000000000000000000000000000000000000000000000000000
00000000000000000000000000000000000000000000000000000000000000000000000000000000000000000000000000000000000000000000000000000000000000000000
00000000000000000000000000000000000000000000000000000000000000000000000000000000000000000000000000000000000000000000000000000000000000000000
00000000000000000000000000000000000000000000000000000000000000000000000000000000000000000000000000000000000000000000000000000000000000000000
00000000000000000000000000000000000000000000000000000000000000000000000000000000000000000000000000000000000000000000000000000000000000000000
00000000000000000000000000000000000000000000000000000000000000000000000000000000000000000000000000000000000000000000000000000000000000000000
00000000000000000000000000000000000000000000000000000000000000000000000000000000000000000000000000000000000000000000000000000100000000000000
00000000000000000000000000000000000000000000000000000000000000000000000000000000000000000000000000000000000000000000000000000000000000000000
00000000000000000000000000000000000000000000000000000000000000000000000000000000000000000000000000000000000000000000000000000000000000000000
00000000000000000000000000000000000000000000000000000000000000000000000000000000000000000000000000000000000000000000000000000000000000000000
00000000000000000000000000000000000000000000000000000000000000000000000000000000000000000000000000000000000000000000000000000000000000000000
00000000000000000000000000000000000000000000000000000000000000000000000000000000000000000000000000000000000000000000000000000000000000000000
00000000000000000000000000000000000000000000000000000000000000000000000000000000000000000000000000000000000000000000000001001000000000000000
00000000000000000000000000000000000000000000000000000000000000000000000000000000000000000000000000000000000000000000000000000000000000000000
00000000000000000000000000000000000000000000000000000000000000000000000000000000000000000000000110000000000000000000000000000000000000000000
00000000000000000000000000000000000000000000000000000000000000000000000000000000000000000000001111111000000000000000000000000000000000000000
00000000000000000000000111111111100000000000000000000000000000000000000000000000000000000000001111111111000000000000000000010010000000000000
00000000000000000000000111111111100000000000000000000000000000000000000000000000000000000000011111111111110000000000000000000000000000000000
00000000000000000000001111111111100000000000000000000000000000000000000000000000000000000000011111111111111110000000000001100000000000000000
00000000000000000000001111111111100000000000000000000000000000000000000000000000000000000000011111111111111111000000000000010000000000000000
00000000000000000000001111111111100000000000000000000000000000000000000000000000000000000000011111111111111111110000000010010000100000000000
00000000000000000000001111111111100000000000000000000000000000000000000000000000000000000000011111111111111111110000001011111011000000000000
00000000000000000000001111111111100000000000000000000000000000000000000000000000000000000000111111111111111111111100000001111100000000000000
00000000000000000000001111111111100000000000000000000000000000000000000000000000000000000000111111111111111111111110000001111100000000000000
00000000000000000000001111111111100000000000000000000000000000000000000000000000000000000000011111111111111111111110000000111111000000000000
00000000000000000000001111111111100000000000000000000000000000000000000000000000000000000000000000011111111111111111000000111100000000000000
00000000000000000000001111111111100000000000000000000000000011110000000000000000000000000000000000000011111111111111100000111111000000000000
00000000000000000000001111111111100000000000000000000000001111110000000000000000000000000000000000000000111111111111100000111111000000000000
00000000000000000000001111111111100000000000000000000000011111111000000000000000000000000000000000000000011111111111110000011111000000000000
00000000000000000000001111111111100000000000000000000000111111111100000000000000000000000000000000000000001111111111110000000110100000000000
00000000000000000000001111111111100000000000000000000011111111111110000000000000000000000000000000000000000111111111111000001010100000000000
00000000000000000000001111111111100000000000000000000111111111111111000000000000000000000000000000000000000111111111111000010111100000000000
00000000000000000000001111111111100000000000000000011111111111111111100000000000000000000000000000000000000011111111111000011101000000000000
00000000000000000000001111111111100000000000000000111111111111111111100000000000000000000000000000000000000011111111111000000101000000000000
10000000000000000000001111111111100000000000000011111111111111111111000000000000000000000000000000000000000001111111111000001101110000000000
10000000000000000000001111111111100000000000000111111111111111111111000000000000000000000000000000000000000001111111111000000101000000000000
10000000000000000000001111111111100000000000001111111111111111111111000000000000000000000000000000000000000001111111111000000011110000000000
10000000000000000000001111111111100000000000111111111111111111111111000000000000000000000000000000000000000001111111111000000111000000000000
10000000000000000000001111111111100000000011111111111111111111111111000000000000000000000000000000000000000001111111111000001010100000000000
10000000000000000000001111111111100000000111111111111111111111111111100000000000000000000000000000000000000001111111111000000111100010000000
10000000000000000000001111111111100000001111111111111111111111111111100000000000000000000000000000000000000001111111111000000001110000000000
10000000000000000000000111111111100000011111111111111111111111111111100000000000000000000000000000000000000011111111111000000101001000000000
10000000000000000000000111111111110011111111111111111100001111111111110000000000000000000000000000000000000011111111111000000000100000000000
10000000000000000000000111111111111111111111111111111000001111111111111000000000000000000000000000000000000111111111111000000000000000000000
10000000000000000000000111111111111111111111111111110000000111111111111000000000000000000000000000000000000111111111111000001001100000000000
10000000000000000000001111111111111111111111111111100000000111111111111100000000000000000000000000000000011111111111111000001111000000000000
10000000000000000000000111111111111111111111111110000000000011111111111111000000000000000000000000000000111111111111110000001100100000000000
10000000000000000000001111111111111111111111111100000000000001111111111111110000000000000000000000000011111111111111100000001100000000000000
10000000000000000000001111111111111111111111110000000000000001111111111111111110000000000000000000011111111111111111100000000100000000000000
10000000000000000000000111111111111111111111100000000000000000111111111111111111110000000000001111111111111111111111000000000000000000000000
10000000000000000000001111111111111111111111000000000000000000111111111111111111111111111111111111111111111111111110000000000010000000000000
10000000000000000000000111111111111111111100000000000000000000011111111111111111111111111111111111111111111111111100000000000000000000000000
10000000001000000000000111111111111111110000000000000000000000000111111111111111111111111111111111111111111111111000000000000000000000000000
10000000000000000000000111111111111111100000000000000000000000000111111111111111111111111111111111111111111111110000000000100000000000000000
10000000000000000000000111111111111111000000000000000000000000000001111111111111111111111111111111111111111111100000000000000000000000000000
10000000000000000000000111111111111100000000000000000000000000000000011111111111111111111111111111111111111100000000000000000000000000000000
10000000000000000000000111111111111000000000000000000000000000000000001111111111111111111111111111111111110000000000000000000000000000000000
10000000000000000000000000000000000000000000000000000000000000000000000011111111111111111111111111111111000000000000000000000000000000000000
10000000000000000000000000000000000000000000000000000000000000000000000000001111111111111111111111111000000000000000000000000000000000000000
10000000000000000000000000000000000000000000000001000000000000000000000000000000000011111110000000000000000000000000000000000000000000000000
10000000000000000000000000000000000000000000000000000000000000000000000000000000000000000000000000000000000000000000000000000000000000000000
10000000000000000000000000000000000000000000000000000000000000000000000000000000000000000000000000000000000000000000000000000000000000000000
10000000000000000000000000000000000000000000000000000000000000000000000000000000000000000000000000000000000000000000000000000000000000000000
10000000000000000000000000000000000000000000000000000000000000000000000000000000000000000000000000000000000000000000000000000000000000000000
10000000000000000000000000000000000000000000000000000000000000000000000000000000000000000000000000000000000000000000000000000000000000000000
10000000000000000000000000000000000000000000000000000000000000000000000000000000000000000000000000000000000000000000000000000000000000000000
10000000000000000000000000000000000000000000000000000000000000000000000000000000000000000000000000000000000000000000000000000000000000000000
10000000000000000000000000000000000000000000000000000000000000000000000000000000000000000000000000000000000000000000000000000000000000000000
10000000000000000000000000000000000000000000000000000000000000000000000000000000000000000000000000000000000000000000000000000000000000000000
10000000000000000000000000000000000000000000000000000000000000000000000000000000000000000000000000000000000000000000000000000000000000000000
10000000000000000000000000000000000000000000000000000000000000000000000000000000000000000000000000000000000000000000000000000000000000000000
10000000000000000000000000000000000000000000000000000000000000000000000000000000001000000000000000000000000000000000000000000000000000000000
10000000000000000000000000000000000000000000011111111111111111111111111111111111111111111111111111100000000000000000000000000000000000000000
10000000000000000000000000000000000000001111111111111111111111111111111111111111111111111111111111111110000000000000000000000000000000000000
10000000000000000000000000000000000001111111111111111111111111111111111111111111111111111111111111111111100000000000000000000000000000000000
10000000000000000000000000000000000111111111111111111111111111111111111111111111111111111111111111111111111100000000000000000000000000000000
10000000000000000000000000000000011111111111111111111111111111111111111111111111111111111111111111111111111111000000000000000000000000000000
10000000000000000000000000000000111111111111111111111111111111111111111111111111111111111111111111111111111111100000000000000000000000000000
10000000000000000000000000000001111111111111111111111111111111111111111111111111111111111111111111111111111111110000000001000000000000000000
10000000000000000000000000000011111111111111111111111111111111111111111111111111111111111111111111111111111111111000000001000000000000000000
10000000000000000000000000001111111111111111111111111111111111111111111111111111111111111111111111111111111111111110000001100000000000000000
10000000000000000000000000001111111111111111111111111111111111111111111111111111111111111111111111111111111111111111000001110000000000000000
10000000000000000000000000011111111111111111100000000000000000000000000000000000000000000000000010111111111111111111000001111000000000000000
10000000000000000010000000111111111111111100000000000000000000000000000000000000000000000000000000000111111111111111100001111100000000000000
10000000000000000000000001111111111111100000000000000000000000000000000000000000000000000000000000000000111111111111110000001101000000000000
10000000000000000000000001111111111111000000000000000000000000000000000000000000000000000000000000000000011111111111110000001000000000000000
10000000000000000000000011111111111110000000000000000000000000000000000000000000000000000000000000000000001111111111111000001000000000000000
10000000000000000000000011111111111100000000000000000000000000000000000000000000000000000000000000000000000111111111111000001000000000000000
10000000000000000000000011111111111000000000000000000000000000000000000000000000000000000000000000000000000011111111111000000101100000000000
10000000000000000000000111111111111000000000000000000000000000000000000000000000000000000000000000000000000011111111111000000010000000000000
10000000000000000000000111111111111000000000000000000000000000000000000000000000000000000000000000000000000011111111111000000000000000000000
10000000000000000000000111111111110000000000000000000000000000000000000000000000000000000000000000000000000001111111111000000010000000000000
10000000000000000000000111111111110000000000000000000000000000000000000000000000000000000000000000000000000001111111111100000010000000000000
10000000000000000000000111111111110000000000000000000000000000000000000000000000000000000000000000000000000001111111111100001010010000000000
10000000000000000000000111111111110000000000000000000000000000000000000000000000000000000000000000000000000001111111111100000100000000000000
10000000000000000000000111111111110000000000000000000000000000000100000000000000000000000000000000000000000001111111111100001110000000000000
10000000000000000000000111111111110000000000000000000000000000000000000000000000000000000000000000000000000001111111111100001110000000000000
10000000000000000000000111111111110000000000000000000000000000000000000000000000000000010000000000000000000001111111111100001100000000000000
10000000000000000000000111111111110000000000000000000000000000000000000000000000000000000000000000000000000001111111111000001100000000000000
10000000000000000000000111111111110000000000000000000000000000000000000000000000000000000000000000000000000011111111111000001110000000000000
10000000000000000000000111111111111000000000000000000000000000000000000000000000000000000000000000000000000011111111111000011110000000000000
10000000000000000000000011111111111000000000000000000000000000000000000000000000000000000000000000000000000111111111111000011110000000000000
10000000000000000000000011111111111100000000000000000000000000000000000000000000000000000000000000000000001111111111111000011100000000000000
10000000000000000000000011111111111110000000001000000000000000000000000000000000000000000000000000000000011111111111110000011100000000000000
10000000000000000000000001111111111111000000000000000000000000000000000000000000000000000000000000000000011111111111110000001000000000000000
10000000000000000000000000111111111111110000000000000000000000000000000000000000000000000000000000000001111111111111100000011100000000000000
10000000000000000000000000111111111111111100000000000000000000000000000000000000000000000000000000001111111111111111100000101100000000000000
10000000000000000000000000011111111111111111000000000000000000000000000000000111111111111111111111111111111111111111000000100100000000000000
10000000000000000000000000011111111111111111111111111111111111111111111111111111111111111111111111111111111111111110000000000010000000000000
10000000000000000000000000001111111111111111111111111111111111111111111111111111111111111111111111111111111111111100000000000000000000000000
10000000000000000000000000000111111111111111111111111111111111111111111111111111111111111111111111111111111111111000000000000000000000000000
10000000000000000000000000000011111111111111111111111111111111111111111111111111111111111111111111111111111111110000000000000000000000000000
10000000000000000000000100000001111111111111111111111111111111111111111111111111111111111111111111111111111111100000000000000000000000000000
10000000000000000000100000000000001111111111111111111111111111111111111111111111111111111111111111111111111100000000000000000000000000000000
10000000000000000000000000000000000111111111111111111111111111111111111111111111111111111111111111111111111000000000000000000000000000000000
10000000000000000100000000000000000001111111111111111111111111111111111111111111111111111111111111111111100000000000000000000000000000000000
10000000000000010000000000000000000000001111111111111111111111111111111111111111111111111111111111111000000000000000000000000000000000000000
10000000000000000000000000000000000000000000000000000000000000000000000000000000000000000000000000000000000000000000000000000000000000000000
10000000000000000000000000000000000000000000000000000000000000000000000000000000000000000000000000000000000000000000000000000000000000000000
10000000000000000000000000000000000000000000000000000000000000000000000000000000000000000000000000000000000000000000000000000000000000000000
10000000001100000000000000000000000000000000000000000000000000000000000000000000000000000000000000000000000000000000000000000000000000000000
10000000100000000000000000000000000000000000000000000000000000000000000000000000000000000000000000000000000000000000000000000000000000000000
10000000000000000000000000000000000000000000000000000000000000000000000000000000000000000000000000000000000000000000000000000000000000000000
10000110000000000000000000000000000000000000000000000000000000000000000000000000000000000000000000000000000000000000000000000000000000000000
10001000000000000000000000000000000000000000000000000000000000000000000000000000000000000000000000000000000000000000000000000000000000000000
10000000000000000000000000000000000000000000000000000000000000000000000000000000000000000000000000000000000000000000000000000000000000000000
10000000000000000000000000000000000000000000000000000000000000000000000000000000000000000000000000000000000000000000000000000000000000000000
10000000000000000000000000000000000000000000000000000000000000000000000000000000000000000000000000000000000000000000000000000000000000000000
10000000000000000000000000000000000000000000000000000000000000000000000000000000000000000000000000000000000000000000000000110000000000000000
10000000000000000000000000000000000000000000000000000000000000000000000000000000000000000000000000000000000000000000000000001000000000000000
00000000000000000000000011111111111111111111111111111111111111111111111111111111111111111111111111111111111111111111111100000100000000000000
10000000000000000000000111111111111111111111111111111111111111111111111111111111111111111111111111111111111111111111111100000100000000000000
10000000000000000000001111111111111111111111111111111111111111111111111111111111111111111111111111111111111111111111111100000000000000000000
10000000000000000000001111111111111111111111111111111111111111111111111111111111111111111111111111111111111111111111111100001010000000000000
10000000000000000000001111111111111111111111111111111111111111111111111111111111111111111111111111111111111111111111111100001000000000000000
10000000000000000000000111111111111111111111111111111111111111111111111111111111111111111111111111111111111111111111111000001100000000000000
10000000000000000000000111111111111111111111111111111111111111111111111111111111111111111111111111111111111111111111111100001000000000000000
10000000000000000000000111111111111111111111111111111111111111111111111111111111111111111111111111111111111111111111111100000110000000000000
10000000000000000000000111111111111111111111111111111111111111111111111111111111111111111111111111111111111111111111111100001000000000000000
10000000000000000000000111111111111111111111111111111111111111111111111111111111111111111111111111111111111111111111111000001000000000000000
10000000000000000000000111111111111110000011100000001100000000000111111111111100000000000000000000000000000000000000000000000100000000000000
10000000000000000000000111111111111000000000000000000000000000000001111111111100000000000000000000000000000000000000000000000000000000000000
10000000000000000000000111111111110000000000000000000000000000000001111111111000000000000000000000000000000000000000000000000000000000000000
10000000000000000000000111111111110000000000000000000000000000000001111111111000000000000000000000000000000000000000000000000000000000000000
10000000000000000000000111111111110000000000000000000000000000000001111111111000000000000000000000000000000000000000000000000000000000000000
10000000000000000000000111111111110000000000000000000000000000000001111111111000000000000000000000000000000000000000000000000000000000000000
10000000000000000000000111111111110000000000000000000000000000000001111111111000000000000000000000000000000000000000000000000000000000000000
10000000000000000000000111111111110000000000000000000000000000000001111111111000000000000000000000000000000000000000000000000000000000000000
10000000000000000000001111111111110000000000000000000000000000000001111111111000000000000000000000000000000000000000000000000000000000000000
10000000000000000000001111111111110000000000000000000000000000000001111111111100000000000000000000000000000000000000000000000000000000000000
10000000000000000000000111111111110000000000000000000000000000000001111111111111000000000000000000000000000000000000000000000000100000000000
10000000000000000000000111111111110000000000000000000000000000000001111111111111111000000000000000000000000000000000000000000000100000000000
10000000000000000000000111111111110000000000000000000000000000000001111111111111111110000000000000000000000000000000000000000000000000000000
10000000000000000000000111111111110000000000000000000000000000000001111111111111111111110000000000000000000000000000000000000000000000000000
10000000000000000000000111111111110000000000000000000000000000000001111111111111111111111110000000000000000000000000000000000000000000000000
10000000000000000000000111111111110000000000000000000000000000000011111111111111111111111111111000000000000000000000000000000000001010000000
10000000000000000000000111111111110000000000000000000000000000000011111111111111111111111111111110000000000000000000000000000000000000000000
10000000000000000000000111111111111000000000000000000000000000000011111111111111111111111111111111110000000000000000000000000000000000000000
10000000000000000000000111111111111000000000000000000000000000000011111111111111111111111111111111111110000000000000000000000000000000000000
10000000000000000000000011111111111100000000000000000000000000001111111111111111111111111111111111111111110000000000000000000000000000010000
10000000000000000000000011111111111110000000000000000000000000001111111111111111111111111111111111111111111110000000000000000000000000001100
10000000000000000000000011111111111111000000000000000000000000011111111111110001111111111111111111111111111111110000000000000000000000001000
10000000000000000000000001111111111111110000000000000000000000111111111111100000001111111111111111111111111111111100000000000000000000000000
10000000000000000000000000111111111111111100000000000000000111111111111111100000000000111111111111111111111111111111110000000000000000000000
10000000000000000000000000111111111111111111110000000000011111111111111111000000000000000111111111111111111111111111111000001000000000000000
10000000000000000000000000011111111111111111111111111111111111111111111111000000000000000001111111111111111111111111111100001010000000000000
10000000000000000000000000001111111111111111111111111111111111111111111110000000000000000000001111111111111111111111111100000000000000000000
10000000000000000000000000001111111111111111111111111111111111111111111000000000000000000000000000111111111111111111111100000100000000000000
10000000000000000000000000000011111111111111111111111111111111111111111000000000000000000000000000000111111111111111111100000000000000000000
10000000000000000000000000000001111111111111111111111111111111111111110000000000000000000000000000000001111111111111111100000100000000000000
10000000000000000000000000000000111111111111111111111111111111111111100000000000000000000000000000000000001111111111111100000000000000000000
10000000000000000000000000000000000111111111111111111111111111111100000000000000000000000000000000000000000000111111111100000000000000000000
10000000000000000000000000000000000011111111111111111111111111111000000000000000000000000000000000000000000000001111111100000000000000000000
10000000000000000000000000000000000000011111111111111111111111100000000000000000000000000000000000000000000000000001111100000000000000000000
10000000000000000000000000000000000000000001111111111111111100000000000000000000000000000000000000000000000000000000001000000000000000000000
10000000000000000000000000000000000000000000000000000000000000000000000000000000000000000000000000000000000000000000000000000000000000000000
10000000000000000000000000000000000000000000000000000000000000000000000000000000000000000000000000000000000000000000000000000000000000000000
10000000000000000000000000000000000000000000000000000000000000000000000000000000000000000000000000000000000000000000000000000000000000000000
10000000000000000000000000000000000000000000000000000000000000000000000000000000000000000000000000000000000000000000000000000000000000000000
10000000000000000000000000000000000000000000000000000000000000000000000000000000000000000000000000000000000000000000000000000000000000000000
10000000000000000000000000000000000000000000000000000000000000000000000000000000000000000000000000000000000000000000000000000000000000000000
10000000000000000000000000000000000000000000000000000000000000000000000000000000000000000000000000000000000000000000000000000000000000000000
10000000000000000000000000000010000000000000000000000000000000000000000000000000000000000000000000000000000000000000000000000000000000000000
10000000000000000000000000000001000000000000000000000000000000000000000000000000000000000000000000000000000000000000000000000000000000000000
10000000000000000000000000000000010000000000000000000000000000000000000000000000000000000000000000000000000000000000000000000000000000000000
10000000000000000000000000000000001000011000000000000000000000000000000000000000000000000000000000000000000000000000000000000000000000000000
10000000000000000000000000000000000000000000000000000000000000000000000000000000000000000000000000000000000000000000000000000000000000000000
10000000000000000000000000000000000000000000000000000000000000000000000000000000000000000000000000000000000000000000000000000000000000000000
10000000000000000000000000000000000000000000000000000000000000000000000000000000000000000000000000000000001111111111111000000000000000000000
10000000000000000000000000000000000000000111000000000000000000000000000000000000000000000000000000000000011111111111111000000000000000000000
10000000000000000000000000010000000000011111100000000000000000000000000000000000000000000000000000000000111111111111111000000000000000000000
10000000000000000000000000010000000001111111100000000000000000000000000000000000000000000000000000000011111111111111111000100000000000000000
00000000000000000000000000000000000111111111110000000000000000000000000000000000000000000000000000001111111111111111111000001111100000000000
00000000000000000000000000000000011111111111110000000000000000000000000000000000000000000000000000011111111111111111111000000000100000000000
00000000000000000000000000000000111111111111110000000000000000000000000000000000000000000000000000111111111111111111111000000000000000000000
00000000000000000000000000000011111111111111110000000000000000000000000000000000000000000000000011111111111111111111111000000000100000000000
00000000000000000000000000000111111111111111110000000000000000000000000000000000000000000000001111111111111111111111111000000000000000000000
00000000000000000000000000001111111111111111111000000000000000000000000000000000000000000000011111111111111111111111111000000000000000000000
00000000000000000000000000001111111111111111111000000000000000000000000000000000000000000001111111111111111111111111111000000000100000000000
00000000000000000000000000011111111111111111110000000000000000000000000000000000000000000011111111111111111111111111111000000000100000000000
00000000000000000000000000111111111111111000000000000000000000000000000000000000000000001111111111111111111111111111111000000000100000000000
00000000000000000000000001111111111111100000000000000000000000000000000000000000000000111111111111111111111111111111111000000000000000000000
00000000000000000000000001111111111111000000000000000000000000000000000010000000000001111111111111111111100011111111111000000000000000000000
00000000000000000000000011111111111110000000000000000000000000000000010000000000000011111111111111111110000011111111111000000000000000000000
00000000000000000000000011111111111000000000000000000000000000000000000000000000011111111111111111111000000011111111111000000000000000000000
00000000000000000000000111111111111000000000000000000000000000000000000000000000111111111111111111110000000011111111111000000000000000000000
00000000000000000000000111111111110000000000000000000000000000000000000000000011111111111111111111000000000011111111111000000000000000000000
00000000000000000000000111111111110000000000000000000000000000000000000000000111111111111111111110000000000011111111111000000000000000000000
00000000000000000000000111111111110000000000000000000000000000000000000000001111111111111111111000000000000011111111111000000000000000000000
00000000000000000000001111111111100000000000000000000000000000000000000000111111111111111111100000000000000011111111111000000000000000000000
00000000000000000000001111111111100000000000000000000000000000000000000011111111111111111111000000000000000011111111111000000000000000000000
00000000000000000000001111111111100000000000000000000000000000000000000111111111111111111110000000000000000011111111111000000000000000000000
00000000000000000000001111111111100000000000000000000000000000000000001111111111111111111100000000000000000011111111111000000000000000000000
00000000000000000000001111111111100000000000000000000000000000000001111111111111111111100000000000000000000011111111111000000000000000000000
00000000000000000000001111111111100000000000000000000000000000000011111111111111111110000000000000000000000011111111111000000000000000000000
00000000000000000000001111111111100000000000000000000000000000000111111111111111111100000000000000000000000011111111111000000000000000000000
00000000000000000000001111111111100000000000000000000000000010011111111111111111111000000000000000000000000011111111111000000000000000000000
00000000000000000000001111111111110000000000000000000000000001111111111111111111100000000000000000000000000011111111111000000000000000000000
00000000000000000000001111111111110000000000000000000000000011111111111111111110000000000000000000000000000011111111111000000000000000000000
00000000000000000000000011111111111000000000000000000000001111111111111111111100000000000000000000000000000011111111111000000000000000000000
00000000000000000000000011111111111000000000000000000000011111111111111111111000000000000000000000000000000011111111111000000000000000000000
00000000000000000000000011111111111100000000000000000001111111111111111111000000000000000000000000000000000011111111111000000000000000000000
00000000000000000000000011111111111111000000000000001111111111111111111110000000000000000000000000000000000011111111111000000000000000000000
00000000000000000000000011111111111111110000000001111111111111111111111000000000000000000000000000000000000011111111111000000000000000000000
00000000000000000000000001111111111111111111111111111111111111111111110000000000000000000000000000000000000011111111111000000000000000000000
00000000000000000000000000111111111111111111111111111111111111111111000000000000000000000000000000000000000011111111111000000000000000000000
00000000000000000000000000111111111111111111111111111111111111111110000000000000000000000000000000000000000011111111111000000000000000000000
00000000000000000000000000011111111111111111111111111111111111111000000000000000000000000000000000000000000011111111111000000000000000000000
00000000000000000000000000001111111111111111111111111111111111100000000000000000000000000000000000000000000011111111111000000000000000000000
00000000000000000000000000000011111111111111111111111111111110000000000000000000000000000000000000000000000011111111111000000000000000000000
00000000000000000000000000000001111111111111111111111111111000000000000000000000000000000000000000000000000011111111111000000000000000000000
00000000000000000000000000000000011111111111111111111111100000000000000000000000000000000000000000000000000011111111111000000000000000000000
00000000000000000000000000000000000111111111111111111110000000000000000000000000000000000000000000000000000011111111110000000000000000000000
00000000000000000000000000000000000000011111111111000000000000000000000000000000000000000000000000000000000000000000000000000000000000000000
00000000000000000000000000000000000000000000000000000000000000000000000000000000000000000000000000000000000000000000000000000000000000000000
00000000000000000000000000000000000000000000000000000000000000000000000000000000000000000000000000000000000000000000000000000000000000000000
00000000000000000000000000000000000000000000000000000000000000000000000000000000000000000000000000000000000000000000000000000000000000000000
00000000111000000000000000000000000000000000000000000000000000000000000000000000000000000000000000000000000000000000000000000000000000000000
00000000100000000000000000000000000000000000000000000000000000000000000000000000000000000000000000000000000000000000000000000000000000000000
00000000000000000000000000000000000000000000000000000000000000000000000000000000000000000000000000000000000000000000000000000000000000000000
00000000000000000000000000000000000000000000000000000000000000000000000000001000000000000000000000000000000000000000000000000000000000000000
00000000000000000000000000000000000000000000000000000000000000000000000000000000000000000000000000000000000000000000000000000000000000000000
00000000000000000000000000000000000000000000000000000000000000000000000000000000000000000000000000000000000000000000000000000000000000000000
00000000000000000000000000000000000000000000000000000000000000000000000000000100000000000000000000000000000000000000000000000000000000000000
00000000000000000000000000000000000000000000000000000000000000000000000000000100000000000000000000000000000000000000000000000000000000000000
00000000000000000000000000000000000000000000000000000000000000000000000000000000000000000000000000000000000000000000000000000000000000000000
00000000000000000000000000000000000000000000000000000000000000000000000000000000000000000000000100000000000000000000000000000000000000000000
00000000000000000000000000000000000000000000000000000000000000000000000000000000000000000000011111100000000100000000000000000000000000000000
00000000000000000000000000000000000000000000000000000000000000000000000000000000000000000000111111111100000010000000000000000000000000000000
00000000000000000000001111111111111111111111111111111111111111111111100000000000000000000000111111111111100010000000000000000000000000000000
00000000000000000000011111111111111111111111111111111111111111111111110000000000000000000001111111111111111000000000000000000000000000000000
00000000000000000000011111111111111111111111111111111111111111111111110000000000000000000001111111111111111100000000000000000000000000000000
00000000000000000000011111111111111111111111111111111111111111111111110000000000000000000001111111111111111111000000000000000000000000000000
00000000000000000000011111111111111111111111111111111111111111111111110000000000000000000001111111111111111111100000000000000000000000000000
00000000000000000000011111111111111111111111111111111111111111111111111000000000000000000001111111111111111111110000000000000000000000000000
00000000000000000000011111111111111111111111111111111111111111111111111000000000000000000001111111111111111111111000000000000000000000000000
00000000000000000000011111111111111111111111111111111111111111111111111000000000000000000001111111111111111111111000000000000000000000000000
00000000000000000000011111111111111111111111111111111111111111111111111100000000000000000001111111111111111111111100000000000000000000000000
00000000000000000000011111111111111111111111111111111111111111111111111100000000000000000000000000111111111111111110000000000000000000000000
00000000000000000000011111111111111111111111111010110000111111111111111100000000000000000000000000001111111111111111000000000000000000000000
00000000000000000000011111111111000000000000000000000000011111111111111000000000000000000000000000000011111111111111000000000000000000000000
00000000000000000000011111111111000000000000000000000000011111111111110000000000000000000000000000000001111111111111000000000000000000000000
00000000000000000000011111111111000000000000000000000000011111111111100000000000000000000000000000000000111111111111100000000000000000000000
00000000000000000000011111111111000000000000000000000000011111111111100000000000000000000000000000000000011111111111100000000000000000000000
00000000000000000000011111111111000000000000000000000000111111111111000000000000000000000000000000000000011111111111110000000000000000000000
00000000000000000000011111111111000000000000000000000000111111111111000000000000000000000000000000000000001111111111110000000000000000000000
00000000000000000000011111111111000000000000000000000000111111111110000000000000000000000000000000000000001111111111110000000000000000000000
00000000000000000000011111111111000000000000000000000000111111111100000000000000000000000000000000000000001111111111110000000000000000000000
00000000000000000000011111111111000000000000000000000000111111111100000000000000000000000000000000000000001111111111110000000000000000000000
00000000000000000000011111111111000000000000000000000000111111111100000000000000000000000000000000000000001111111111110000000000000000000000
00000000000000000000011111111110000000000000000000000000111111111100000000000000000000000000000000000000001111111111110000000000000000000000
00000000000000000000011111111110000000000000000000000000111111111100000000000000000000000000000000000000001111111111110000000000000000000000
00000000000000000000011111111110000000000000000000000000111111111100000000000000000000000000000000000000001111111111110000000000000000000000
00000000000000000000011111111110000000000000000000000000111111111100000000000000000000000000000000000000001111111111100000000000000000000000
00000000000000000000011111111110000000000000000000000000111111111110000000000000000000000000000000000000011111111111100000000000000000000000
00000000000000000000011111111110000000000000000000000000111111111110000000000000000000000000000000000000011111111111100000000000000000000000
00000000000000000000011111111110000000000000000000000000111111111111000000000000000000000000000000000000011111111111100000000000000000000000
00000000000000000000011111111110000000000000000000000000111111111111100000000000000000000000000000000000111111111111000000000000000000000000
00000000000000000000011111111110000000000000000000000000011111111111110000000000000000000000000000000001111111111111000000000000000000000001
00000000000000000000011111111110000000000000000000000000011111111111111000000000000000000000000000000111111111111110000000000000000000000000
00000000000000000000011111111110000000000000000000000000001111111111111110000000000000000000000000001111111111111110000000000000000000000001
00000000000000000000011111111110000000000000000000000000001111111111111111110000000000000000000001111111111111111100000000000000000000000001
00000000000000000000011111111110000000000000000000000000000111111111111111111111000000000000111111111111111111111100000000000000000000000000
00000000000000000000011111111110000000000000000000000000000011111111111111111111111111111111111111111111111111111000000000000000000000000001
00000000000000000000011111111110000000000000000000000000000001111111111111111111111111111111111111111111111111110000000000000000000000000001
00000000000000000000011111111110000000000000000000000000000001111111111111111111111111111111111111111111111111110000000000000000000000000001
00000000000000000000011111111110000000000000000000000000000000111111111111111111111111111111111111111111111111100000000000000000000000000001
00000000000000000000111111111110000000000000000000000000000000011111111111111111111111111111111111111111111110000000000000000000000000000001
00000000000000000000111111111110000000000000000000000000000000001111111111111111111111111111111111111111111100000000000000000000000000000001
00000000000000000000111111111110000000000000000000000000000000000011111111111111111111111111111111111111110000000000000000000000000000000001
00000000000000000000111111111110000000000000000000000000000000000000111111111111111111111111111111111111100000000000000000000000000000000001
00000000000000000000111111111110000000000000000000000000000000000000001111111111111111111111111111111100000000000000000000000000000000000001
00000000000000000000011111111110000000000000000000000000000000000000000000001111111111111111111100000000000000000000000000000000000000000001
00000000000000000000000000000000000000000000000000000000000000000000000000000000001011111100000000000000000000000000000000000000000000000001
00000000000000000000000000000000000000000000000000000000000000000000000000000000000000000000000000000000000000000000000000000000000000000001
00000000000000000000000000000000000000000000000000000000000000000000000000000000000000000000000000000000000000000000000000000000000000000001
00000000000000000000000000000000000000000000000000000000000000000000000000000000000000000000000000000000000000000000000000000000000000000001
00000000000000000000000000000000000000000000000000000000000000000000000000000000000000000000000000000000000000000000000000000000000000000001
00000000000000000000000000000000000000000000000000000000000000000000000000000000000000000000000000000000000000000000000000000000000000000001
00000000000000000000000000000000000000000000000000000000000000000000000000000000000000000000000000000000000000000000000000000000000000000001
00000000000000000000000000000000000000000000000000000000000000000000000000000000000000000000000000000000000000000000000000000000000000000011
00000000000000000000000000000000000000000000000000000000000000000000000000000000000000000000000000000000000000000000000000000000000000000011
10000000000000000000000000000000000000000000000000000000000000000000000000000000000000000000000000000000000000000000000000000000000000000111
11111111111111111111111111111111111111111111111111111111111111111111111111111111111111111101111101111111111111111111111111111111111110111111
