11100000000000000000000000000000000000000000000000000000000000000000000000000000000000000000000000000000001111000100000000000000000000000000000000000000000000000000000000111111111111111111111111111111111111111111111111111111111111111111111111111111111111111111111111011111111111111111111111111111111111111111111111111111111111110000000000000000000000000000000000000000000000000000000000000000000000000000000000000000000000000000000000000011
11000000000000000000000000000000000000000000000000000000000000000000000000000000000000000000000000000000000000000000000000000000000000000000000000000000000000000000000000000000000000000000000000000000000000000000000000000000000000000000000000000000000000000000000000000000000000000000000000000000000000000000000000000000000000000000000000000000000000000000000000000000000000000000000000000000000000000000000000000000000000000000000000000001
10000000000000000000000000000000000000000000000000000000000000000000000000000000000000000000000000000000000000000000000000000000000000000000000000000000000000000000000000000000000000000000000000000000000000000000000000000000000000000000000000000000000000000000000000000000000000000000000000000000000000000000000000000000000000000000000000000000000000000000000000000000000000000000000000000000000000000000000000000000000000000000000000000001
10000000000000000000000000000000000000000000000000000000000000000000000000000000000000000000000000000000000000000000000000000000000000000000000000000000000000000000000000000000000000000000000000000000000000000000000000000000000000000000000000000000000000000000000000000000000000000000000000000000000000000000000000000000000000000000000000000000000000000000000000000000000000000000000000000000000000000000000000000000000000000000000000000001
10000000000000000000000000000000000000000000000000000000000000000000000000000000000000000000000000000100000000000000000000000000000000000000000000000000000000000000000000000000000000000000000000000000000000000000000000000000000000000000000000000000000000000000100000000000000000000000000000000000000000000000000000000000000000000000000000000000000000000000000000000000000000000000000000000000000000000000000000000000000000000000000000000001
10000000000000000000000000000000000000000000000000000000000000000000000000000000000000000000000000000000000000000000000000000000000000000000000000000000000000000000000000000000000000000000000000000000000000000000000000000000000000000000000000000000000000000001000000000000000000000000000000000000000000000000000000000000000000000000000000000000000000000000000000000000000000000000000000000000000000000000000000000000000000000000000000000001
10000000000000000000000000000000000000000000000000000000000000000000000000000000000000000000000000000000000000000000000000000000000000000000000000000000000000000000000000000000000000000000000000000000000000000000000000000000000000000000000000000000000000000001000000000000000000000000000000000000000000000000000000000000000000000000000000000000000000000000000000000000000000000000000000000000000000000000000000000000000000000000000000000001
10000000000000000000000000000000000000000000000000000000000000000000000000000000000000000000000000000000000000000000000000000000000000000000000000000000000000000000000000000000000000000000000000000000000000000000000000000000000000000000000000000000000000000000000000000000000000000000000000000000000000000000000000000000000000000000000000000000000000000000000000000000000000000000000000000000000000000000000000000000000000000000000000000001
10000000000000000000000000000000000000000000000000000000000000000000000000000000000000000000000000000000000000000000000000000000000000000000000000000000000000000000000000000000000000000000000000000000000000000000000000000000000000000000000000000000000000000100000000000000000000000000000000000000000000000000000000000000000000000000000000000000000000000000000000000000000001100000000000000000000000000000000000000000000000000000000000000001
10000000000000000000000000000000000000000000000000000000000000000000000000000000000000000000000000000000000000000000000000000000000000000000000000000000000000000000000000000000000000000000000000000000000000000000000000000000000000000000000000000000000000000000000000000000000000000000000000000000000000000000000000000000000000000000000000000000000000000000000000000000000001000000000000000000000000000000000000000000000000000000000000000001
10000000000000000000000000000000000000000000000000000000000000000000000000000000000000000000000000000000000000000000000000000000000000000000000000000000000000000000000000000000000000000000100000000000000000000000000000000000000000000000000000000000000000001000000000000000000000000000000000000000000000000000000000000000000000000000000000000000000000000000000000000000000001000000000000000000000000000000000000000000000000000000000000000001
10000000000000000000000000000000000000000000000000000000000000000000000000000000000000000000000000000000000000000000000000000000000000000000000000000000000000000000000000000000000000000000000000000000000000000000000000000000000000000000000000000000000000001000000000000000000000000000000000000000000000000000000000000000000000000000000000000000000000000000000000000000000000000000000000000000000000000000000000000000000000000000000000000001
10000000000000000000000000000000000000000000000000000000000000000000000000000000000000000000000000000000000000000000000000000000000000000000000000000000000000000000000000000000000000000000000000000000000000000000000000000000000000000000000000000000000000000000000000000000000000000000000000000000000000000000000000000000000000000000000000000000000000000000000000000000000000000000000000000000000000000000000000000000000000000000000000000001
10000000000000000000000000000000000000000000000000000000000000000000000000000000000000000000000000000000000000000000000000000000000000000000000000000000000000000000000000000000000000000000000000000000000000000000000000000000000000000000000000000000000000000000000000000000000000000000000000000000000000000000000000000000000000000000000000000000000000000000000000000000000000000000000000000000000000000000000000000000000000000000000000000001
10000000000000000000000000000000000000000000000000000000000000000000000000000000000000000000000000000000000000000000000000000000000000000000000000000000000000000000000000000000000000000000000000000000000000000000000000000000000000000000000000000000000000000000000000000000000000000000000000000000000000000000000000000000000000000000000000000000000000000000000000000000000000000000000000000000000000000000000000000000000000000000000000000001
10000000000000000000000000000000000000000000000000000000000000000000000000000000000000000000000000000000000000000000000000000000000000000000000000000000000000000000000000000000000000000000000000000000000000000000000000000000000000000000000000000000000010000000000000000000000000000000000000000000000000000000000000000000000000000000000000000000000000000000000000000000000000000000000000000000000000000000000000000000000000000000000000000001
10000000000000000000000000000000000000000000000000000000000000000000000000000000000000000000000000000000000000000000000000000000000000000000000000000000000000000000000000000000000000000000000000000000000000000000000000000000000000000000000000000000000000000000000000000000000000000000000000000000000000000000000000000000000000000000000000000000000000000000000000000000000000000000000000000000000000000000000000000000000000000000000000000001
10000000000000000000000000000000000000000000000000000000000000000000000000000000000000000000000000000000000000000000000000000000000000000000000000000000000000000000000000000000000000000000000000000000000000000000000000000000000000000000000000000000000100000000000000000000000000000000000000000000000000000000000000000000000000000000000000000000000000000000000000000000000000000000000000000000000000000000000000000000000000000000000000000001
10000000000000000000000000000000000000000000000000000000000000000000000000000000000000000000000000000000000000000000000000000000000000000000000000000000000000000000000000000000000000000000000000000000000000000000000000010000000000000000000000000000000000000000000000000000000000000000000000000000000000000000000000000000000000000000000000000000000000000000000000000000000000000000000000000000000000000000000000000000000000000000000000000001
10000000000000000000000000000000000000000000000000000000000000000000000000000000000000000000000000000000000001100000000000000000000000000000000000000000000000000000000000000000000000000000000000000000000000000000000000000000000000000000000000000000000000000000000000000000000000000000000000000000000000000000000000000000000000000000000000000000000000000000000000000000000000000000000000000000000000000000000000000000000000000000000000000001
10000000000000000000000000000000000000000000000000000000000000000000000000000000000000000000000000000000000000110000000000000000000000000000000000000000000000000000000000000000000000000000000000000000000000000000000000000000000000000000000000000000010000000000000000000000000000000000000000000000000000000000000000000000000000000000000000000000000000000000000000000000000000000000000000000000000000000000000000000000000000011111000000000001
10000000000000000000000000001111100000000000000000000000000000000000000111111110000000000000000000000000000000000000000000000000000000000000000000000000000000000000000000000000000000000000000000000000000000000000000000000000000000000000000000000000000000000000000000000000000000000000000000000000000000000000000000000000000000000000000000000000000000000000000000000000000000000000000000111111111111111111111111111111111111111111100000000001
10000000000000000000000000001111110000000000000000000000000000000000011111111111111111111111111111111111111111111000000000000000000000000000000000000000001111111111111111111111100001011010000000000000000000000000000000000000000000000000000000000000000000000000000000001110000000000000110000000000000000000000000000000000000000000000000000000000011111111110000000000000000000000000000001111111111111111111111111111111111111111111100000000001
10000000000000000000000000011111110000000000000000000000000000000000011111111111111111111111111111111111111111111100000000000000000000000000000000000000111111111111111111111111111111111111111110000000000000000000000000000000011111111111100000000000100000000000000000011111111111111111111111111110000000000000000000000000000000000000000000000111111111111110000000000000000000000000000001111111111111111111111111111111111111111111100000000001
10000000000000000000000000011111100000000000000000000000000000000000011111111111111111111111111111111111111111111100000000000000000000000000000000000000111111111111111111111111111111111111111110000000000000000000000000000011111111111111111100000000000000000000000000111111111111111111111111111111110000000000000000000000000000000000000000011111111111111111111100000000000000000000000001111111111111111111111111111111111111111111100000000001
10000000000000000000000000111111100000000000000000000000000000000000011111111111111111111111111111111111111111111100000000000000000000000000000000000000111111111111111111111111111111111111111110000000000000000000000000001111111111111111111110000000000000000000000000111111111111111111111111111111111000000000000000000000000000000000000001111111111111111111111110000000000000000000000001111111111111111111111111111111111111111111100000000001
10000000000000000000000000111111100000000000000000000000000000000000011111111111111111111111111111111111111111111100000000000000000000000000000000000000111111111111111111111111111111111111111110000000000000000000000000011111111111111111111111100000000000000000000000111111111111111111111111111111111110000000000000000000000000000000000011111111111111111111111111100000000000000000000001111111111111111111111111111111111111111111100000000001
10000000000000000000000000111111100000000000000000000000000000000000011111111111111111111111111111111111111111111100000000000000000000000000000000000000111111111111111111111111111111111111111110000000000000000000000000111111111111111111111111111000000000000000000000111111111111111111111111111111111111000000000000000000000000110000000111111111111111111111111111110000000000000000000001111111111111111111111111111111111111111111100000000001
10000000000000000000000001111111100000000000000000000000000000000000011111111111111111111111111111111111111111111100000000000000000000000000000000000000111111111111111111111111111111111111111110000000000000000000000011111111111111111111111111111100000000000000000000111111111111111111111111111111111111110000000000000000000000000000011111111111111111111111111111111000000000000000000001111111111111111111111111111111111111111111100000000001
10000000000000000000000011111111110000000000000000000000000000000000011111111111111111111111111111111111111111111100000000000000000000000000000000000000111111111111111111111111111111111111111110000000000000000000000011111111111111111111111111111110000000000000000000111111111111111111111111111111111111110000000000000000000000000000111111111111111111111111111111111000000000000000000001111111111111111111111111111111111111111111100000000001
10000000000000111111111111111111111111111111111111110000000000000000011111111111111111111111111111111111111111111100000000000000000000000000000000000000111111111111111111111111111111111111111110000000000000000000000111111111111111111111111111111111000000000000000000111111111111111111111111111111111111111000000000000010000000000001111111111111111111111111111111111100000000000000000001111111111111111111111111111111111111111111100000000001
10000000000000111111111111111111111111111111111111111000000000000000011111111111111111111111111111111111111111111100000000000000000000000000000000000000111111111111111111111111111111111111111110000000000000000000001111111111111111111111111111111111100000000000000000111111111111111111111111111111111111111100000000000001000000000001111111111111111111111111111111111110000000000000000001111111111111111111110000000000000000000000000000000001
10000000000000111111111111111111111111111111111111111000000000000000011111111111111111111111111111111111111111111000000000000000000000000000000000000000111111111111111111111111111111111111111110000000000000000000011111111111111111111111111111111111100000000000000000111111111111111111111111111111111111111110000000000000000000000011111111111111111111111111111111111110000000000000000001111111111100000000000000000000000000000000000000000001
10000000000000111111111111111111111111111111111111111000000000000000011111111110000000000000000000000000000000000000000000000000000000000000000000000000000000000000000000000000001111111111111110000000000000000000111111111111111111111111111111111111100000000000000000111111111111111111111111111111111111111110000000000000100000000111111111111111100000000111111111111111000000000000000001111111111100000000000000000000000000000000000000000001
10000000000000111111111111111111111111111111111111111000000000000000011111111110000000000000000000000000000000000000000000000000000000000000000000000000000000000000000000000000000111111111111110000000000000000000111111111111111000000000111111111111110000000000000000111111111111000000000000000111111111111110000000000000010000000111111111111100000000000001111111111111000000000000000001111111111100000000000000000000000000000000000000000001
10000000000000111111111111111111111111111111111111111000000000000000011111111110000000000000000000000000000000000000000000000000000000000000000000000000000000000000000000000000000111111111111100000000000000000001111111111111000000000000001111111111111000000000000000111111111110000000000000000001111111111111000000000000000000001111111111110000000000000000011111111111100000000000000001111111111100000000000000000000000000000000000000000001
10000000000000111111100000000000000000000000001111111000000000000000011111111110000000000000000000000000000000000000000000000000000000000000000000000000000000000000000000000000001111111111111000000000000000000001111111111110000000000000000111111111111000000000000000111111111110000000000000000000111111111111100000000000000000001111111111110000000000000000001111111111100000000000000001111111111100000000000000000000000000000000000000000001
10000000000000111111000000000000000000000000000111111000000000000000011111111110000000000000000000000000000000000000000000000000000000000000000000000000000000000000000000000000001111111111111000000000000000000011111111111100000000000000000011111111111100000000000000111111111100000000000000000000011111111111100000000000000000011111111111100000000000000000001111111111100000000000000001111111111100000000000000000000000000000000000000000001
10000000000000111111000000000000000000000000000111111000000000000000011111111110000000000000000000000000000000000000000000000000000000000000000000000000000000000000000000000000001111111111110000000000000000000011111111111000000000000000000001111111111100000000000000111111111100000000000000000000001111111111100000000000000000011111111111000000000000000000000111111111100000000000000001111111111100000000000000000000000000000000000000000001
10000000000000111110000000000000000000000000000111111000000000000000011111111110000000000000000000000000000000000000000000000000000000000000000000000000000000000000000000000000011111111111100000000000000000000011111111110000000000000000000001111111111100000000000000111111111100000000000000000000001111111111110000000000010000111111111110000000000000000000000111111111110000000000000001111111111100000000000000000000000000000000000000000001
10000000000000111110000000000000010000000000000111111000000000000000011111111110000000000000000000000000000000000000000000000000000000000000000000000000000000000000000000000000111111111111000000000000000000000111111111110000000000000000000000111111111110000000000000111111111100000000000000000000000111111111110000000000010000111111111110000000000000000000000011111111110000000000000001111111111100000000000000000000000000000000000000000001
10000000000000111110000000000000111100000000000111111000000000000000011111111110000000000000000000000000000000000000000000000000000000000000000000000000000000000000000000000001111111111111000000000000000000000111111111110000000000000000000000111111111110000000000000111111111100000000000000000000000111111111110000000000000001111111111100000000000000000000000011111111110000000000000001111111111100000000000000000000000000000000000000000001
10000000000000111110000000000001111100000110000111111000000000000000011111111110000000000000000000000000000000000000000000000000000000000000000000000000000000000000000000000011111111111110000000000000000000000111111111100000000000000000000000011111111110000000000000111111111110000000000000000000000011111111110000000000000001111111111100000000000000000000000011111111110000000000000001111111111100000000000000000000000000000000000000000001
10000000000000111111000011000001111100001110000111111000000000000000011111111110000000000000000000000000000000000000000000000000000000000000000000000000000000000000000000000011111111111110000000000000000000000111111111100000000000000000000000011111111110000000000000111111111110000000000000000000000011111111111000000000000001111111111100000000000000000000000011111111110000000000000001111111111100000000000000000000000000000000000000000001
10000000000000111110000011100001111100001110000111111000000000000000011111111110000000000000000000000000000000000000000000000000000000000000000000000000000000000000000000000111111111111100000000000000000000000111111111100000000000000000000000001111111110000000000000111111111110000000000000000000000011111111111000000000000000111111111100000000000000000000000011111111110000000000000001111111111100000000000000000000000000000000000000000001
10000000000000111110000011110001111100011110000111111000000000000000011111111110000000000000000000000000000000000000000000000000000000000000000000000000000000000000000000000111111111111000000000000000000000001111111111000000000000000000000000001111111110000000000000111111111100000000000000000000000011111111111000000000000000001111111100000000000000000000000011111111110000000000000001111111111100000000000000000000000000000000000000000001
10000000000000111110000011110001111100001110000111111000000000000000011111111110000000000000000000000000000000000000000000000000000000000000000000000000000000000000000000001111111111110000000000000000000000001111111111000000000000000000000100001111111110000000000000111111111100000000000000000000000001111111111000000000000000000000011000000000000000000000000011111111110000000000000001111111111100000000000000000000000000000000000000000001
10000000000000111110000001100000111100000100000111111000000000000000011111111110000000000000000000000000000000000000000000000000000000000000000000000000000000000000000000011111111111110000000000000000000000001111111111000000000000000000000000001111111110000000000000111111111100000000000000000000000001111111111000000000000000000000000000000000000000000000000011111111110000000000000001111111111000000000000000000000000000000000000000000001
00000000000000111110000000000000111100000000000111111000000000000000011111111110000000000000000000000000000000000000000000000000000000000000000000000000000000000000000000111111111111100000000000000000000000001111111111000000000000000000000000001111111110000000000000111111111100000000000000000000000001111111111000000000000000000000000000000000000000000000000011111111110000000000000001111111111100000000000000000000000000000000000000000001
10000000000000111110000000000001111100000000000111111000000000000000011111111110000000000000000000000000000000000000000000000000000000000000000000000000000000000000000000111111111111000000000000010000000000001111111111000000000000000000000000001111111110000000000000111111111100000000000000000000000001111111111000000000000000000000000000000000000000000000000111111111110000000000000001111111111000000000000000000000000000000000000000000001
10000000000000111110000000000001111100000000000111111000000000000000011111111110000000000000000000000000000000000000000000000000000000000000000000000000000000000000000001111111111111000000000000000000000000001111111111000000000000000000000000001111111110000000000000111111111100000000000000000000000001111111111000000000000000000000000000000000000000000000000111111111100000000000000001111111111100000000000000000000000000000000000000000001
10000000000000111110000000000011111110000000000111111000000000000000011111111110000000000000000000000000000000000000000000000000000000000000000000000000000000000000000011111111111110000000000000000000000000001111111111000000000000000000000000001111111110000000000000111111111100000000000000000000000001111111111000000000000000000000000000000000000000000000000111111111100000000000000001111111111100000000000000000000000000000000000000000001
10000000000000111110000001111111111111111100000111111000000000000000011111111110000000000000000000000000000000000000000000000000000000000000000000000000000000000000000011111111111100000000000000000000000000001111111111000000000000000000000000001111111110000000000000111111111110000000000000000000000001111111111000000000000000000000000000000000000000000000001111111111100000000000000001111111111000000000000000000000000000000000000000000001
00000000000000111110000111111111111111111110000111111000000000000000011111111110000000000000000000000000000000000000000000000000000000000000000000000000000000000000000111111111111000000000000000000000000000001111111111000000000000000000000000001111111110000000000000111111111110000000000000000000000001111111111000000000000000000000000000000000000000000000001111111111100000000000000001111111111000000000000000000000000000000000000000000001
00000000000000111110000111111111111111111110000111111000000000000000011111111110000000000000000000000000000000000000000000000000000000000000000000000000000000000000001111111111110000000000000000000000000000001111111111000000000000000000000000001111111110000000000000111111111100000000000000000000000001111111111000000000000000000000000000000000000000000000001111111111100000000000000001111111111000000000000000000000000000000000000000000001
10000000000000111110000111111111111111111110000111111000000000000000011111111110000000000000000000000000000000000000000000000000000000000000000000000000000000000000001111111111110000000000000000000000000000001111111111000000000000000000000000001111111110000000000000111111111100000000000000000000000001111111111000000000000000000000000000000000000000000000011111111111000000000000000001111111111000000000000000000000000000000000000000000001
10000000000000111110000000111111111111111110000111111000000000000000011111111110000000000000000000000000000000000000000000000000000000000000000000000000000000000000011111111111110000000000000000000000000000001111111111000000000000000000000000001111111110000000000000111111111100000000000000000000000001111111111000000000000000000000000000000000000000000000011111111111000000000000000001111111111100001111111111111100000000000000000000000001
10000000000000111110000000011111111100000000000111111000000000000000011111111110000000000000000000000000000000000000000000000000000000000000000000000000000000000000111111111111110000000000000000000000000000001111111111000000000000000000000000001111111110000000000000111111111100000000000000000000000011111111111000000000000000000000000000000000000000000000111111111110000000000000000001111111111111111111111111111111000000000000000000000001
10000000000000111110000000011111111100000000000111111000000000000000011111111110000000000000000000000000000000000000000000000000000000000000000000000000000000000001111111111111111100000000000000000000000000001111111111000000000000000000000000001111111110000000000000111111111100000000000000000000000011111111111000000000000000000000000000000000000000000001111111111110000000000000000001111111111111111111111111111111110000000000000000000001
00000000000000111110000000011111111100000000000111111000000000000000011111111110000000000000000000000000000000000000000000000000000000000000000000000000000000000001111111111111111111000000000000000000000000001111111111000000000000000000000000001111111110000000000000111111111100000000000000000000000111111111111000000000000000000000000000000000000000000001111111111100000000000000000001111111111111111111111111111111111000000000000000000001
00000000000000111110000000111111111100000000000111111000000000000000011111111110000000000000000000000000000000000000000000000000000000000000000000000000000000000011111111111111111111100000000000000000000000001111111111000000000000000000000000001111111110000000000000111111111100000000000000000000000111111111110000000000000000000000000000000000000000001011111111111100000000000000000001111111111111111111111111111111111100000000000000000001
00000000000000111110000001111111111100000000000111111000000000000000011111111110000000000000000000000000000000000000000000000000000000000000000000000000000000000011111111111111111111111000000000000000000000001111111111000000000000000000000000001111111110000000000000111111111100000000000000000000000111111111110000000000000000000000000000000000000000000111111111111000000000000000000001111111111111111111111111111111111111000000000000000001
10000000000000111110000001111001111100001100000111111000000000000000011111111111000000000000000000000000000000000000000000000000000000000000000000000000000000000011111111111111111111111110000000000000000000001111111111000000000000000000000000001111111110000000000000111111111100000000000000000000001111111111110000000000000000000000000000000000000000000111111111111000000000000000000001111111111111111111111111111111111111100000000000000001
10000000000000111110000011110001111100011110000111111000000000000000011111111111111111111111111111111111111100000000000000000000000000000000000000000000000000000011111111111111111111111111000000000000000000001111111111000000000000000000000000001111111110000000000000111111111100000000000000000000011111111111100000000000000000000000000000000000000000001111111111110000000000000000000001111111111111111111111111111111111111110000000000000001
10000000000000111110000011100001111100011110000111111000000000000000011111111111111111111111111111111111111100000000000000000000000000000000000000000000000000000000111111111111111111111111000000000000000000001111111111000000000000000000000000001111111110000000000000111111111100000000000000000001111111111111100000000000000000000000000000000000000000001111111111110000000000000000000001111111111111111111111111111111111111111000000000000001
10000000000000111110000011100001111100001111000111111000000000000000011111111111111111111111111111111111111100000000000000000000000000000000000000000000000000000000011111111111111111111111110000000000000000001111111111000000000000010000000000001111111110000000000000111111111110000000000000000001111111111111000000000000000000000000000000000000000000011111111111100000000000000000000001111111111111111111111111111111111111111000000000000001
10000000000000111110000011000001111100001111000111111000000000000000011111111111111111111111111111111111111100000000000000000000000111000000000000000000000000000000001111111111111111111111110000000000000000001111111111000000000000000000000000001111111110000000000000111111111110000000000000011111111111111110000000000000000000000000000000000000000000111111111111100000000000000000000001111111111111111110000000111111111111111100000000000001
10000000000000111110000000000001111100000110000111111000000000000000011111111111111111111111111111111111111100000000000000000000011111110000000000000000000000000000000111111111111111111111111000000000000000001111111111000000000000000000000000001111111110000000000000111111111111111111111111111111111111111110000000000000000000000000000000000000000001111111111111000000000000000000000001111111111111111100000000001111111111111100000000000001
10000000000000111110000000000001111100000000000111111000000000000000011111111111111111111111111111111111111100000000000000000000011111111000000000000000000000000000000011000001111111111111111000000000000000001111111111000000000000000000000000001111111110000000000000111111111111111111111111111111111111111110000000000000000000000000000000000000000001111111111110000000000000000000000001111111111111110000000000000111111111111110000000000001
10000000000000111110000000000000111100000000000111111000000000000000011111111111111111111111111111111111111100000000000000000000111111111000000000000000000000000000000000000000001111111111111100000000000000001111111111000000000000000000000000001111111110000000000000111111111111111111111111111111111111111100000000000000000000000000000000010000000001111111111110000000000000000000000000111111111111000000000000000011111111111110000000000001
10000000000000111110000000000000000000000000000111111000000000000000011111111111111111111111111111111111111100000000000000000000111111111000000000000000000000000000000000000000000111111111111110000000000000001111111111000000000000000000000000001111111110000000000000111111111111111111111111111111111111111000000000000000000000000000000000000000000011111111111100000000000000000000000000000011111110000000000000000001111111111111000000000001
10000000000000111110000000000000000000000000000111111000000000000000011111111111111111111111111111111111111100000000000000000000111111111000000000000000000000000000000000000000000001111111111110000000000000001111111111000000000000000000000000001111111110000000000000111111111111111111111111111111111111100000000000000000000000000000000000000000000111111111111000000000000000000000000000000000011100000000000000000000111111111111000000000001
00000000000000111110000000000000000000000000000111111000000000000000011111111111111111111111111111111111111100000000000000000000111111111000000000000000000000000000000000000000000000111111111111000000000000001111111111000000000000000000000000001111111110000000000000111111111111111111111111111111111111100000000000000000000000000000000000100000001111111111111000000000000000000000000000000000000000000000000000000000111111111111000000000001
10000000000000111110000000000000000000000000000111111000000000000000011111111111000000000000000000000000000000000000000000000000011111111000000000000000000000000000000000000000000000111111111111000000000000001111111111000000000000000000000000001111111110000000000000111111111111111111111111111111111111000000000000000000000000000000000000000000001111111111110000000000000000000000000000000000000000000000000000000000011111111111000000000001
10000000000000111111000000000000000000000000000111111000000000000000011111111110000000000000000000000000000000000000000000000000011111110000000000000000000000000000000000000000000000011111111111000000000000001111111111000000000000000000000000001111111110000000000000111111111111111111111111111111111100000000000000000000000000000000000000000000011111111111100000000000000000000000000000000000000000000000000000000000011111111111000000000001
10000000000000111111111000000000000000000000001111111000000000000000011111111110000000000000000000000000000000000000000000000000001111100000000000000000000000000000000000000000000000011111111111000000000000001111111111000000000000000000000000001111111110000000000000111111111111111111111111111111110000000000000000000000000000000000000000000000011111111111100000000000000000000000000000000000000000000000000000000000011111111111000000000001
00000000000000111111111111111111111111111111111111111000000000000000011111111110000000000000000000000000000000000000000000000000000000000000000000000000000000000000000000000000000000001111111111100000000000001111111111000000000000000000000000001111111110000000000000111111111111111111111111111111100000000000000000000000000000000000000000000000111111111111100000000000000000001000000000000000000000000000000000000000001111111111100000000001
10000000000000111111111111111111111111111111111111111000000000000000011111111110000000000000000000000000000000000000000000000000000000000000000000000000000000000000000000000000000000001111111111100000000000001111111111000000000000000000000000011111111110000000000000111111111111000000011111111111100000000000000000000000000000000000000000000001111111111111000000000000000000000001100000000000000000000000000000000000001111111111100000000001
10000000000000111111111111111111111111111111111111111000000000000000011111111110000000000000000000000000000000000000000000000000000000000000000000000000000000000000000000000000000000001111111111100000000000001111111111000000000000000000000000011111111110000000000000111111111100000000001111111111100000000000000000000000000000000000000000000011111111111110000000000000000000000000000000000000000000000000000000000000001111111111100000000001
10000000000000111111111111111111111111111111111111111000000000000000011111111110000000000000000000000000000000000000000000000000000000000000000000000000000000000000000000000000000000000111111111100000000000001111111111000000000000000000000000011111111110000000000000111111111100000000001111111111110000000000000000000000000000000000000000000011111111111100000000000000000000000000000000000000000000000000000000000000001111111111100000000001
10000000000000111111111111111111111111111111111111110000000000000000011111111110000000000000000000000000000000000000000000000000000000000000000000000000000000000000000000000000000000000111111111100000000000001111111111000000000000000000000000011111111110000000000000111111111100000000000111111111110000000000000000000000000000000000000000000111111111111100000000000000000000000000000000000000000000000000000000000000000111111111100000000001
10000000000000000000000000000111111111111111111111110000000000000000011111111110000000000000000000000000000000000000000000000000000000000000000000000000000000000000000000000000000000000111111111100000000000001111111111000000000000000000000000011111111110000000000000111111111100000000000111111111110000000000000000000000000000000000000000001111111111111000000000000000000000000000000000000000000000000000000000000000000111111111100000000001
10000000000000000000000000000000000000000000000000000000000000000000011111111110000000000000000000000000000000000001000000000000000000000000000000000000000000000000000000000000000000000011111111100000000000011111111111000000000000000000000000011111111110000000000000111111111100000000000111111111111000000000000000000000000000000000000000001111111111111000000000000000000000000000000000000000000000000000000000000000000111111111110000000001
10000000000000000000000000000000000000000000000000000000000000000000011111111110000000000000000000000000000000000000000000000000000000000000000000000000000000000000000000000000000000000011111111100000000000001111111111000000000000000000000000011111111110000000000000111111111100000000000011111111111000000000000000000000000000000000000000001111111111110000000000000000000000000000000000000000000000000000000000000000000111111111100000000001
10000000000000000000000000000000000000000000000000000000000000000000011111111110000000000000000000000000000000000000000000000000000000000000000000000000000000000000000000000000000000000011111111110000000000001111111111000000000000000000000000011111111110000000000000111111111100000000000011111111111000000000000000000000000000000000000000011111111111100000000000000000000000000000000000000000000000000000000000000000000111111111110000000001
10000000000000000000000000000000000000000000000000000000000000000000011111111110000000000000000000000000000000000000000000000000000000000000000000000000000000000000000000000000000000000011111111110000000000001111111111000000000000000000000000011111111110000000000000111111111100000000000001111111111000000000000000000000000000000000000000111111111111000000000000000000000000000000000000000000000000000000000000000000000111111111110000000001
10000000000111111111111111111111111111111111111111111100000000000000011111111110000000000000000000000000000000000000000000000000000000000000000000000000000000000000000000000000000000000011111111110000000000001111111111000000000000000000000000011111111110000000000000111111111100000000000001111111111100000000000000000000000000000000000001111111111111000000000000000000000000000000000000000000000000000000000000000000000111111111110000000001
10000000000111111111111111111111111111111111111111111110000000000000011111111110000000000000000000000000000000000000000000000000000000000000000000000000000000000000000000000000000000000011111111110000000000001111111111000000000000000100000000011111111110000000000000111111111100000000000001111111111100000000000000000000000000000000000001111111111110000000000000000000000000000000000000000000000000000000000000000000000111111111110000000001
10000000001111111111111111111111111111111111111111111111000000000000011111111110000000000000000000000000000000000000000000000000000000000000000000000000000000000000000000000000000000000011111111110000000000001111111111000000000000000000000000011111111110000000000000111111111100000000000000111111111100000000000000000000000000000000000011111111111110000000000000000000000000000000000000000000000000000000000000000000000111111111110000000001
10000000001111111111111111111111111111111111111111111111000000000000011111111110000000000000000000000000000000000000000000000000000000000000000000000000000000000000000000000000000000000011111111110000000000001111111111000000000000000000000000011111111110000000000000111111111100000000000000111111111110000000000000000000000000000000000011111111111110000000000000000000000000000000000000000000000000000000000000000000000111111111110000000001
10000000001111111111111111111111111111111111111111111111000000000000011111111110000000000000000000000000000000000000000000000000000000000000000000000000000000000000000000000000000000000011111111110000000000001111111111000000000000000000000000011111111110000000000000111111111100000000000000111111111110000000000000000000000000000000000111111111111100000000000000000000000000000000000000000000000000000000000000000000000111111111100000000000
10000000000111111111111111111111111111111111111111111111000000000000011111111110000000000000000000100000000000000000000000000000000000000000000000000000000000000000000000000000000000000011111111100000000000001111111111000000000000000000000000011111111110000000000000111111111100000000000000011111111111000000000000000000000000000000001111111111111000000000000000000000000000000000000000111111110000000000000000000000000111111111100000000001
00000000000111111111111111111111111111111111111111111111000000000000011111111110000000000000000000000000000000000000000000000000000000000000000000000000000000110000000000000000000000000011111111100000000000001111111111000000000000000000000000011111111110000000000000111111111100000000000000011111111111000000000000000000000000000000001111111111110000000000000000000000000000000000000011111111110000000000000000000000001111111111100000000001
10000000000000000000011111111000000000000000000000000000000000000000011111111110000000000000000000000000000000000000000000000000000000000000000000000000011111111000000000000000000000000011111111100000000000001111111111000000000000000000000000011111111110000000000000111111111100000000000000011111111111000000000000000000000000000000011111111111100000000000000000000000000000000000000111111111110000000000000000000000001111111111100000000001
10000000000000000000011111110000000000000000000000000000000000000000011111111110000000000000000000000000000000000000000000000000000000000000000000000001111111111000000000000000000000000111111111100000000000001111111111000000000000000000000000011111111110000000000000111111111100000000000000011111111111100000000000000000000000000000111111111111100000000000000000000000000000000000000111111111110000000000000000000000001111111111100000000001
10000000000000000000011111110000000000000000000000000000000000000000011111111110000000000000000000000000000000000000000000000000000000000000000000000011111111111000000000000000000000000111111111100000000000001111111111000000000000000000000000011111111110000000000000111111111100000000000000001111111111100000000000000000000000000000111111111111000000000000000000000000000000000000001111111111110000000000000000000000001111111111100000000001
00000000000000000000011111110000000000000000000000000000000000000000011111111110000000000000000000000000000000000000000000000000000000000000000000000011111111111000000000000000000000000111111111100000000000001111111111100000000000000000000000011111111110000000000000111111111100000000000000001111111111100000000000000000000000000001111111111111000000000000000000000000000000000000000111111111110000000000000000000000001111111111000000000000
10000000000000000000011111110000000000000000000000000000000000000000011111111110000000000000000000000000000000000000000000000000000000000000000000000001111111111000000000000000000000000111111111100000000000001111111111000000000000000000000000011111111110000000000000111111111100000000000000000111111111100000000000000000000000000001111111111110000000000000000000000000000000000000000111111111110000000000000000000000011111111111000000000001
10000000000000000000011111111111111111111111111110000000000000000000011111111110000000000000000000000000000000000000000000000000000000000000000000000001111111111000000000000000000000000111111111100000000000001111111111100000000000000000000000011111111110000000000000111111111100000000000000000111111111110000000000000000000000000011111111111100000000000000000000000000000000000000000111111111111000000000000000000000011111111111000000000001
10000000000000000000111111111111111111111111111111000000000000000000011111111110000000000000000000000000000000000000000000000000000000000000000000000001111111111100000000000000000000001111111111100000000000000111111111100000000000000000000000011111111110000000000000111111111100000000000000000111111111110000000000000000000000000111111111111100000000000000000000000000000000000000000011111111111000000000000000000000011111111111000000000001
00000000000000000000111111111111111111111111111111000000000000000000011111111110000000000000000000000000000000000000000000000000000000000000000000000001111111111100000000000000000000001111111111100000000000000111111111100000000000000000000000111111111110000000000000111111111100000000000000000011111111110000000000000000000000001111111111111000000000000000000000000000000000000000000011111111111100000000000000000000111111111111000000000001
10000000000000000001111111111111111111111111111111000000000000000000011111111110000000000000000000000000000000000000000000000000000000000000000000000000111111111100000000000000000000001111111111000000000000000111111111110000000000000000000000111111111100000000000000111111111100000000000000000011111111111000000000000000000000001111111111110000000000000000000000000000000000000000000011111111111100000000000000000001111111111111000000000001
10000000000000000001111111111111111111111111111111000000000000000000011111111110000000000000000000000000000000000000000000000000000000000000000000000000111111111110000000000000000000011111111111000000000000000111111111110000000000000000000000111111111100000000000000111111111100000000000000000011111111111000000000000000000000011111111111110000000000000000000000000000000000000000000001111111111110000000000000000001111111111110000000000001
10000000000000000001111111111111111111111111111111000000000000000000011111111110000000000000000000000000000000000000000000000000000000000000000000000000111111111110000000000000000000011111111111000000000000000011111111110000000000000000000001111111111100000000000000111111111100000000000000000001111111111100000000000000000000011111111111100000000000000000000000000000000000000000000001111111111111000000000000000011111111111110000000000001
10000000000000000001111111111111111111111111111111000000000000000000011111111110000000000000000000000000000000000000000000000000000000000000000000000000011111111111000000000000000000111111111110000000000000000011111111111000000000000000000001111111111100000000000000111111111100000000000000000001111111111100000000000000000000111111111111100000000000000000000000000000000000000000000001111111111111100000000000000111111111111110000000000001
00000000000000000000000000000000000000000011111111000000000000000000011111111110000000000000000000000000000000000000000000000000000000000000000000000000011111111111100000000000000001111111111110000000000000000001111111111100000000000000000111111111111000000000000000111111111100000000000000000001111111111100000000000000000001111111111111000000000000000000000000000000000000000000000000111111111111111000000000111111111111111100000000000001
10000000000000000000000000000000000000000011111110000000000000000000011111111110000000000000000000000000000000000000000000000000000000000000000000000000001111111111110000000000000001111111111100000000000000000001111111111110000000000000001111111111111000000000000000111111111100000000000000000000111111111110000000000000000011111111111111000000000000000000000000000000000000000000000000111111111111111111111111111111111111111000000000000001
10000000000000000000000000000000000000000011111110000000000000000000011111111110000000000000000000000000000000000000000000000000000000000000000000000000001111111111111100000000000111111111111100000000000000000001111111111111000000000000011111111111110000000000000000111111111100000000000000000000111111111110000000000000000011111111111111000000000000000000000000000000000000000000000100011111111111111111111111111111111111111000000000000001
10000000000000000000000000000000000000000111111110000000000000000000011111111111000000000000000000000000000000000000000000000000000000000000000000000000001111111111111111000000011111111111111000000000000000000000111111111111111000000001111111111111100000000000000000111111111100000000000000000000111111111110000000000000000011111111111111111111111111111111111111111111100000000000000011001111111111111111111111111111111111110000000000000001
10000000000000000000000000000000000000001111111110000000000000000000011111111111111111111111111111111111111111111100000000000000000000000000000000000000000111111111111111111111111111111111111000000000000000000000111111111111111111111111111111111111100000000000000000111111111100000000000000000000011111111110000000000000000011111111111111111111111111111111111111111111100000000000000000001111111111111111111111111111111111100000000000000001
10000000000000000000000000000000000000011111111100000000000000000000011111111111111111111111111111111111111111111100000000000000000000000000000000000000000011111111111111111111111111111111111000000000000000000000011111111111111111111111111111111111100000000000000000111111111100000000000000000000011111111111000000000000000011111111111111111111111111111111111111111111100000000000000000000111111111111111111111111111111111100000000000000001
10000000000000000000000000000000000001111111111000000000000000000000011111111111111111111111111111111111111111111110000000000000000000000000000000000000000011111111111111111111111111111111110000000000000000000000001111111111111111111111111111111111000000000000000000111111111100000000000000000000011111111111000000000000000011111111111111111111111111111111111111111111100000000000000000000011111111111111111111111111111111000000000000000001
10000000000000000000000000000111111111111111110000000000000000000000011111111111111111111111111111111111111111111110000000000000000000000000000000000000000000111111111111111111111111111111100000000000000000000000000111111111111111111111111111111110000000000000000000111111111100000000000000000000001111111111100000000000000011111111111111111111111111111111111111111111100000000000000000000001111111111111111111111111111100000000000000000001
10000000000000000000000000000111111111111111100000000000000000000000011111111111111111111111111111111111111111111100000000000000000000000000000000000000000000111111111111111111111111111111000000000000000000000000000011111111111111111111111111111100000000000000000000111111111100000000000000000000001111111111100000000000000011111111111111111111111111111111111111111111100000000000000000000000011111111111111111111111111000000000000000000001
10000000000000000000000000000111111111111111000000000000000000000000011111111111111111111111111111111111111111111100000000000000000000000000000000000000000000011111111111111111111111111110000000000000000000000000000011111111111111111111111111111000000000000000000000111111111100000000000000000000000111111111100000000000000011111111111111111111111111111111111111111111100000000000000000000000001111111111111111111111100000000000000000000001
10000000000000000000000000000111111111111110000000000000000000000000111111111111111111111111111111111111111111111100000000000000000000000000000000000000000000000111111111111111111111111100000000000000000000000000000001111111111111111111111111110000000000000000000000111111111100000000000000000000000111111111110000000000000011111111111111111111111111111111111111111111100000000000000000000000000111111111111111111110000000000000000000000001
10000000000000000000000000000111111111111000000000000000000000000000011111111111111111111111111111111111111111111100000000000000000000000000000000000000000000000011111111111111111111111000000000000000000000000000000000011111111111111111111111100000000000000000000000111111111100000000000000000000000111111111110000000000000011111111111111111111111111111111111111111111100000000000000000000000000000111111111111111000000000000000000000000001
10000000000000000000000000000111111111100000000000000000000000000000011111111111111111111111111111111111111111111100000000000000000000000000000000000000000000000000111111111111111111100000000000000000000000000000000000001111111111111111111110000000000000000000000000111111111100000000000000000000000111111111110000000000000011111111111111111111111111111111111111111111100000000000000000000000000000001111111110000000000000000000000000000001
10000000000000000000000000000011111100000000000000000000000000000000011111111111111111111111111111111111111111111100000000000000000000000000000000000000000001000000001111111111111111000000000000000000000000000000000000000011111111111111111000000000000000000000000000111111111100000000000000000000000011111111111000000000000011111111111111111111111111111111111111111111000000000000000000000000000000000000000000000000000000000000000000000001
10000000000000000000000000000000000000000000000000000000000000000000000000000000000000000000000000000000000000000000000000000000000000000000000000000000000000000000000000000000000000000000000000000000000000000000000000000000000011111100000000000000000000000000000000111110111000000000000000000000000001111111110000000000000000000000000000000000000000000000000000000000000000000000000000000000000000000000000000000000000000000000000000000001
10000000000000000000000000000000000000000000000000000000000000000000000000000000000000000000000000000000000000000000000000000000000000000000000000000000000011000000000000000000000000000000000000000000000000000000000000000000000000000000000000000000000000000000000000000000000000000000000000000000000000000000000000000000000000000000000000000000000000000000000000000000000000000000000000000000000000000000000000000000000000000000000000000001
10000001000000000000000000000000000000000000000000000000000000000000000000000000000000000000000000000000000000000000110000000000000000000000000000001000001001110000000000000000000000000000000000000000000000000000001111110000000000000000000000000000000000000000000000000000000000000000000000000000000000000000000000000000000000000000000000000000000000000000000000000000000000000000000000000000000000000000000000000000000000000000000000000001
10000000000000000000000000000000000000000000000000000000000000000000000000000000000000000000000000000000000000000000110000000000000000000000000000000000001001111111000000000000000000000000010000000000000000000000000011110000000000000000000000110000000000000000000010000000000000000000000000000000000000000000000000000000000000010000000000000000000000000000000000000000000000000000000000000000000000000000000000000000000000000000000000000001
10000000000000000000000000000000000000000000000000000000000000000000000000000000010000000000000000000000000000000001111100000000000000000000000000000000100111111111100110000000000000000000000000000000000000000000000001110000000000000000111101000000000000000000000010000000000000000000000000000000000000000000000000000000000000000000000000000000000000000000000000000000000000000000000000000000000000000000000000000000000000000000000000000001
10000000000000000000000000000000000000000000000000000000000000000000000001000000000000000000000000000000000000000111111100000000000000000000000000001000000001111111101010100010000011110000000000000000000000000000000000111111000001011111111111100000000000000000000001000111101100000000000000000000000011000000000000000000000000001000000000000000000000000000000000000000000000000000000000000000000000000000000000000000000000000000000000000001
10000000000000000000000000000000000000000000000000000000000000000000000100000000000000010000000000000001010000011111111111000000000000000000001000000000000000111111110111110101010001111000000000000000000000000000000000011000100000111111111101110000000000000000000000110001010010000000000000000000000000010100000000000000000000001000000000000000000000000000000000000000000000000000000000000000000000000000000000000000000000000000000000000001
10000000000000000000000000000000000000000000000000000000000000000000000011000000000000011000000000000101001100011111111110100000000000000000000000000000100001001011111100001111000001000010000000000000000000000000000000000000010111011001110000001000000000000000000000000100010000000000000000000000000001000000000000000000000000001000000000000000000000000000000000000000000000000000000000000000000000000000000000000000000000000000000000000001
10000000000000000000000000000000000000000000000000000000000000000000000000000000000000011100110000000000000000001111111100000000000000000000000000000000000001001011100111111101110011000000000000000000000000000000000000001000100000000000000000000000000000000000000000000000000000000000000000000000000000000000000000000000000000001000000000000000000000000000000000000000000000000000000000000000000000000000000000000000000000000000000000000001
10000000000000000000000000000000000000000000000000000000000000000000000000000000000000011000010000000000000000000111111010000000000000000000000000000000000010000000011100101011101010100000000000000000000000000000000000000000100000000000000000000000000000000000000000000000000000000000001100000000000000000000000000000000000000001101001110000000000000000000000000000000000000000000000000000000000000000000000000000000000000000000000000000001
10000000000000000000000000000000000000000000000000000000000000000000000000000000000000000000111000000000000000011101111000000000000000000000000000000000000000000000000000101000100000000000000000000000000000000000000000000000000001000000000000000000000000000000000000000000000000000000000000000000000000000000000000000000000000000000000000000000000000000000000000000000000000000000000000000000000000000000000000000000000000000000000000000001
10000000000000000000000000000000000000000000000000000000000000000000000000000000000000000000110000000000000000000001111000000000000000000000000000000000000000000000000000000000010000000000000000000000000000000000000000000000000000000000000000000000000000000000000000000000000000000000000000010000000000000000000000000000000000000000000000000000000000000000000000000000000000000000000000000000000000000000000000000000000000000000000000000001
10000000000000000000000000000000000000000000000000000000000000000000000000000000000000000000100000000000000000000000101000000000000000000000000000000000000000000000000000000000000000000000000000000000000000000000000000000000000000000000000000000000000000000000000000000000000000000000000000000000000000000000000000000000000000000000000000000000000000000000000000000000000000000000000000000000000000000000000000000000000000000000000000000001
00000000000000000000000000000000000000000000000000000000000000000000000000000000000000000000100000000000000000000000100000000000000000000000000000000000000000000000000000000001000000000000000000000000000000000000000000000000000000000000000000000000000000000000000000000000000000000000000000010000000000000000000000000000000000000000000000000000000000000000000000000000000000000000000000000000000000000000000000000000000000000000000000000001
10000000000000000000000000000000000000000000000000000000000000000000000000000000000000000000000000000000000000000000000000000000000000000000000000000000000000000000000000000000000000000000000000000000000000000000000000000000000000000000000000000000000000000000000000000000000000000000000000000000000000000000000000000000000000000000000000000000000000000000000000000000000000000000000000000000000000000000000000000000000000000000000000000000
10000000000000000000000000000000000000000000000000000000000000000000000000000000000000000001000000111111111111111111000000000000000000000000000000000000000000000000000000000000000000000000000000000000000000000000000000000000000000000000000000000000000000000000000000000000000000000000000000000000000000000000000000000000000000000000000000000000000000000000000000000000000000000000000000000000000000000000000000000000000000000000000000000001
00000000000000000000000000000000000000000000000000000000000000000000000000000000000000000000000011111111111111111111000000000000000000000000000000000000000000000000000000000000000000000000000000000000000000000000000000000000000000000000000000000000000000000000000000000000000000000000000000000001000000000000000000000000000000000000000000000000000000000000000000000000000000000000000000000000000000000000000000000000000000000000000000000001
00000000000000000000000000000000000000000000000000000000000000000000000000000000000000000000000011111111111111111111000000000000000000000000000000000000000000000000000000000000000000000000000000000000000000000000000000000000000000000000000000000000000000000000000000000000000000000000000000000000110000000000000000000000000000000000000000000000000000000000000000000000000000000000000000000000000000000000000000000000000000000000000000000001
10000000000000000000000000000000000000000000000000000000000000000000000000000000000000000000000111111111111111111110000000000000000000000000000000000000000000000000000000000000000000000000000000000000000000000000000000000000000000000000000000000000000000000000000000000000000000000000000000000000100000000000000000000000000000000000000000000000000000000000000000000000000000000000000000000000000000000000000000000000000000000000000000000011
10000000000000000000000000000000000000000000000000000000000000000000000000000000000000000000000011111111111111111000000000000000000000000000000000000000000000000000000000000000000000000000000000000000000000000000000000000000000000000000000000000000000000000000000000000000000000000000000000000000000000000000000000000000000000000000000000000000000000000000000000000000000000000000000000000000000000000000000000000000000000000000000000001111
11000000000000000000000000000000000000000000000000000000000000000000000000000000000000000000000000000000000000000000000000000000000000000000000000000000000000000000000000000000000000000000000000000000000000000000000000000000000000000000000000000000000000000000000000000000000000000000000000000000000000000000000000000000000000000000000000000000000000000000000000000000000000000000000000000000000000000000000000000010110111111111111111111111
